X        Y        NODES    DEPOTS   CAPACITY   TRAVEL TIME              
33.0      85.0       417        1        2000         1440     
X        Y        DEMAND   NODE     EAR      LAT      SER      
348      86.6      250      1        300      1320     60       
348      87.7      150      2        300      540      60       
337      85.8      300      3        300      1320     60       
324      87.0      224      4        300      540      60       
332      87.6      210      5        300      1320     60       
338      87.3      250      6        300      1320     60       
305      87.9      220      7        300      1320     60       
342      86.8      300      8        300      540      60       
318      86.6      180      9        300      1320     60       
330      85.9      190      10       300      540      60       
319      85.2      160      11       720      1080     60       
335      86.5      270      12       300      1320     60       
340      86.1      210      13       720      1080     60       
338      87.1      255      14       300      1320     60       
335      86.8      228      15       240      300      60       
334      86.6      220      16       720      1080     60       
310      87.3      165      17       300      1320     60       
344      85.7      215      18       300      540      60       
313      86.3      155      19       300      1320     60       
336      86.8      200      20       300      540      60       
344      86.9      210      21       300      1320     60       
343      86.5      220      22       240      300      60       
348      87.0      280      23       720      1080     60       
314      86.9      190      24       720      1080     60       
335      86.8      240      25       240      300      60       
331      85.4      265      26       300      1320     60       
342      86.2      230      27       300      540      60       
345      85.9      255      28       300      1320     60       
332      87.5      225      29       300      1320     60       
340      86.0      170      30       300      540      60       
348      87.0      165      31       300      1320     60       
347      87.7      200      32       300      540      60       
346      87.0      175      33       300      1320     60       
328      86.6      190      34       720      1080     60       
304      87.3      160      35       300      1320     60       
304      87.2      220      36       300      1320     60       
345      85.3      180      37       300      1320     60       
347      85.4      240      38       300      1320     60       
348      85.0      133      39       300      1320     60       
342      88.7      215      40       300      1320     60       
312      85.4      200      41       300      1320     60       
325      85.0      250      42       300      1320     60       
347      86.6      300      43       960      1080     60       
348      87.7      180      44       720      1080     60       
347      86.6      320      45       300      1320     60       
347      86.6      250      46       300      540      60       
347      86.6      250      47       240      300      60       
347      86.6      230      48       300      1320     60       
347      86.6      410      49       300      1320     60       
348      87.7      205      50       300      540      60       
337      85.8      340      51       300      1320     60       
332      87.5      325      52       960      1080     60       
323      86.3      215      53       300      1320     60       
324      86.3      195      54       300      1320     60       
348      87.7      275      55       300      540      60       
326      85.5     280      56       300      1320     60       
332      87.5      330      57       300      1320     60       
318      85.9      250      58       300      1320     60       
314      85.7      345      59       300      1320     60       
325      86.5      315      60       300      540      60       
324      86.3      330      61       300      540      60       
324      86.3      350      62       720      1080     60       
324      86.3      300      63       720      1080     60       
343      86.2      340      64       720      1080     60       
313      85.8      327      65       720      1080     60       
312      85.4      295      66       960      1080     60       
328      85.2      350      67       300      540      60       
307      88.2      290      68       960      1080     60       
307      88.1      245      69       300      540      60       
306      88.2      290      70       300      1320     60       
338      85.8      245      71       720      1080     60       
309      87.8      271      72       720      1080     60       
313      86.5      175      73       960      1080     60       
345      87.7      290      74       240      300      60       
311      87.1      280      75       300      1320     60       
304      87.7      255      76       240      300      60       
334      86.1      250      77       300      1320     60       
313      85.7      360      78       720      1080     60       
325      86.2      270      79       960      1080     60       
343      86.3      215      80       300      1320     60       
337      86.8      300      81       300      1320     60       
347      86.7      290      82       300      1320     60       
325      87.8      195      83       960      1080     60       
333      86.4      331      84       300      540      60       
334      87.0      250      85       960      1080     60       
335      86.9      315      86       720      1080     60       
324      86.3      380      87       300      1320     60       
336      86.6      355      88       300      1320     60       
315      87.9      345      89       960      1080     60       
332      86.8      280      90       300      1320     60       
346      87.0      335      91       300      1320     60       
325      85.9      330      92       300      1320     60       
329      87.1      282      93       300      540      60       
319      87.7      310      94       300      1320     60       
307      87.9      215      95       720      1080     60       
337      87.8      330      96       720      1080     60       
341      88.0      290      97       300      1320     60       
334      86.6      300      98       300      1320     60       
334      86.9      295      99       960      1080     60       
337      86.7      259      100      300      1320     60       
335      86.8      360      101      300      540      60       
308      88.1      260      102      300      1320     60       
347      87.0      268      103      720      1080     60       
310      87.5      285      104      300      1320     60       
346      87.0      380      105      300      1320     60       
314      86.1      220      106      300      1320     60       
326      85.5      226      107      300      1320     60       
336      86.8      290      108      300      1320     60       
347      86.0      330      109      300      1320     60       
338      85.8      175      110      300      540      60       
304      88.3      330      111      300      1320     60       
306      88.2      237      112      300      1320     60       
342      87.6      445      113      300      540      60       
307      88.1      245      114      300      1320     60       
324      86.3      350      115      300      1320     60       
340      86.0      265      116      300      1320     60       
310      85.9      305      117      300      1320     60       
332      86.3      220      118      300      1320     60       
336      86.8      331      119      720      1080     60       
316      85.2      257      120      720      1080     60       
336      86.4      360      121      960      1080     60       
339      86.4      380      122      240      300      60       
313      85.4      360      123      240      300      60       
342      85.7      277      124      300      1320     60       
324      86.3      400      125      300      1320     60       
324      86.3      310      126      300      1320     60       
337      85.8      255      127      300      540      60       
337      85.8      366      128      300      540      60       
328      85.8      335      129      300      1320     60       
317      86.3      235      130      300      1320     60       
323      86.3      360      131      960      1080     60       
326      85.4      325      132      720      1080     60       
310      86.3      219      133      300      1320     60       
339      87.8      360      134      300      1320     60       
321      85.7      265      135      300      1320     60       
331      86.8      270      136      960      1080     60       
350      85.8      240      137      720      1080     60       
331      86.8      380      138      960      1080     60       
314      85.3      275      139      300      540      60       
317      85.8      250      140      960      1080     60       
326      87.4      260      141      300      540      60       
339      85.6      260      142      960      1080     60       
347      86.0      250      143      300      1320     60       
329      85.2      250      144      240      300      60       
350      91.0      250      145      300      540      60       
308      85.2      230      146      720      1080     60       
305      86.5      460      147      300      1320     60       
304      87.2      265      148      300      1320     60       
307      86.1      315      149      960      1080     60       
306      87.1      290      150      300      1320     60       
304      87.2      225      151      300      540      60       
309      85.7      400      152      300      1320     60       
304      86.5      225      153      300      1320     60       
304      87.2      290      154      720      1080     60       
306      86.6      465      155      720      1080     60       
303      85.6      185      156      300      1320     60       
302      85.6      180      157      300      540      60       
298      85.3      220      158      300      1320     60       
302      85.8      160      159      240      300      60       
307      84.8      300      160      300      1320     60       
304      85.0      300      161      300      540      60       
302      85.6      185      162      300      540      60       
302      85.6      221      163      300      540      60       
306      86.6      215      164      240      300      60       
308      86.6      430      165      240      300      60       
304      86.6      350      166      960      1080     60       
302      85.8      100      167      960      1080     60       
304      87.2      245      168      720      1080     60       
297      85.0      250      169      300      1320     60       
310      85.5      315      170      300      1320     60       
304      87.2      300      171      960      1080     60       
304      87.2      265      172      300      1320     60       
332      84.3      240      173      300      1320     60       
326      83.7      165      174      300      540      60       
330      85.0      220      175      300      1320     60       
321      84.2      171      176      300      1320     60       
320      83.8      155      177      300      1320     60       
326      83.9      190      178      240      300      60       
325      84.9      325      179      300      1320     60       
325      83.7      160      180      240      300      60       
323      83.5      215      181      300      1320     60       
334      84.8      165      182      300      540      60       
336      85.1      150      183      300      1320     60       
314      84.9      240      184      720      1080     60       
337      84.0      145      185      960      1080     60       
340      83.4      325      186      720      1080     60       
339      84.5      200      187      300      1320     60       
326      83.7      315      188      300      1320     60       
331      84.2      190      189      300      1320     60       
337      84.3      200      190      720      1080     60       
324      83.4      305      191      300      1320     60       
339      84.5      206      192      300      540      60       
339      84.5      220      193      300      540      60       
336      84.4      250      194      720      1080     60       
337      84.7      130      195      240      300      60       
337      84.4      176      196      300      1320     60       
338      84.1      168      197      300      1320     60       
339      84.0      200      198      300      1320     60       
338      83.8      340      199      300      1320     60       
338      84.2      204      200      300      1320     60       
318      84.4      210      201      720      1080     60       
339      84.2      150      202      960      1080     60       
343      85.2      200      203      300      1320     60       
338      84.3      200      204      300      540      60       
332      84.3      245      205      300      1320     60       
338      84.4      250      206      300      1320     60       
337      84.3      250      207      300      1320     60       
338      84.1      300      208      300      1320     60       
338      84.1      220      209      300      1320     60       
339      84.2      150      210      300      1320     60       
342      83.5      285      211      300      540      60       
338      84.2      180      212      300      540      60       
337      84.3      166      213      240      300      60       
338      84.6      200      214      300      1320     60       
340      83.4      205      215      240      300      60       
341      84.0      340      216      720      1080     60       
338      84.4      190      217      300      1320     60       
329      84.6      260      218      720      1080     60       
337      84.2      150      219      300      1320     60       
338      84.4      205      220      300      1320     60       
325      84.9      200      221      720      1080     60       
337      83.9      215      222      960      1080     60       
330      83.9      211      223      300      540      60       
329      84.3      245      224      720      1080     60       
337      84.7      250      225      300      1320     60       
339      84.5      179      226      240      300      60       
337      84.4      250      227      300      540      60       
334      84.8      260      228      300      1320     60       
335      84.4      242      229      960      1080     60       
321      84.2      155      230      720      1080     60       
337      84.0      140      231      300      1320     60       
337      84.1      178      232      300      540      60       
339      84.5      405      233      960      1080     60       
339      84.5      250      234      300      1320     60       
338      84.7      280      235      300      540      60       
339      84.2      250      236      300      1320     60       
339      84.2      220      237      720      1080     60       
338      84.2      200      238      240      300      60       
325      82.8      215      239      300      1320     60       
331      83.2      260      240      300      1320     60       
334      82.0      240      241      300      540      60       
335      82.5      270      242      300      1320     60       
335      82.0      170      243      720      1080     60       
334      81.9      289      244      300      1320     60       
328      83.6      275      245      240      300      60       
328      83.7      230      246      300      1320     60       
328      83.7      220      247      300      1320     60       
338      84.7      275      248      300      1320     60       
350      85.2      240      249      300      1320     60       
334      82.0      250      250      300      540      60       
334      81.9      245      251      720      1080     60       
348      848      250      252      300      1320     60       
335      820      232      253      300      540      60       
343      838      325      254      720      1080     60       
341      845      265      255      720      1080     60       
344      829      260      256      720      1080     60       
328      837      245      257      300      1320     60       
322      831      230      258      300      1320     60       
343      838      274      259      300      1320     60       
342      845      240      260      300      1320     60       
333      840      315      261      300      540      60       
337      827      290      262      300      1320     60       
331      820      370      263      240      300      60       
341      843      423      264      300      540      60       
346      838      280      265      960      1080     60       
326      837      300      266      300      1320     60       
333      846      365      267      300      1320     60       
343      852      160      268      300      1320     60       
327      838      300      269      240      300      60       
341      847      350      270      240      300      60       
342      839      455      271      720      1080     60       
323      840      220      272      720      1080     60       
325      829      230      273      300      1320     60       
340      840      260      274      300      1320     60       
328      837      340      275      300      1320     60       
341      847      265      276      300      1320     60       
330      824      300      277      720      1080     60       
310      849      280      278      300      1320     60       
341      836      400      279      300      540      60       
337      851      275      280      300      1320     60       
334      845      128      281      240      300      60       
318      848      250      282      240      300      60       
345      844      285      283      240      300      60       
335      842      290      284      300      1320     60       
326      842      250      285      240      300      60       
333      834      315      286      960      1080     60       
347      845      390      287      720      1080     60       
342      848      250      288      720      1080     60       
337      843      230      289      300      1320     60       
338      842      200      290      240      300      60       
336      839      250      291      300      1320     60       
340      850      240      292      300      1320     60       
336      844      200      293      720      1080     60       
335      853      275      294      300      1320     60       
343      831      275      295      240      300      60       
316      842      250      296      300      1320     60       
349      840      200      297      720      1080     60       
350      853      165      298      240      300      60       
345      840      250      299      300      540      60       
339      847      300      300      300      540      60       
341      828      195      301      720      1080     60       
349      834      255      302      300      1320     60       
329      852      250      303      300      1320     60       
329      848      190      304      240      300      60       
335      820      290      305      720      1080     60       
334      820      375      306      300      1320     60       
340      843      250      307      300      540      60       
337      849      300      308      960      1080     60       
345      835      180      309      300      1320     60       
332      849      265      310      300      1320     60       
345      840      220      311      300      1320     60       
336      835      200      312      300      1320     60       
344      849      250      313      300      1320     60       
345      849      322      314      240      300      60       
325      849      295      315      300      1320     60       
325      849      430      316      300      1320     60       
334      817      250      317      720      1080     60       
335      820      250      318      720      1080     60       
299      901      180      319      720      1080     60       
325      921      250      320      300      1320     60       
299      901      250      321      300      1320     60       
308      899      220      322      720      1080     60       
302      933      250      323      300      540      60       
305      911      250      324      240      300      60       
303      933      164      325      300      1320     60       
304      909      100      326      720      1080     60       
302      932      200      327      300      1320     60       
302      932      200      328      300      1320     60       
300      902      170      329      300      1320     60       
303      898      140      330      300      1320     60       
336      884      335      331      960      1080     60       
334      910      295      332      300      1320     60       
325      887      235      333      300      1320     60       
317      891      181      334      300      1320     60       
313      893      250      335      300      1320     60       
304      885      313      336      300      540      60       
304      887      290      337      300      1320     60       
304      886      260      338      720      1080     60       
304      889      300      339      300      540      60       
304      889      245      340      960      1080     60       
317      886      380      341      240      300      60       
316      914      245      342      960      1080     60       
346      900      255      343      300      1320     60       
304      885      245      344      300      1320     60       
324      901      165      345      720      1080     60       
349      886      300      346      300      1320     60       
342      906      190      347      300      1320     60       
323      909      235      348      300      540      60       
335      888      240      349      960      1080     60       
334      884      410      350      300      1320     60       
317      891      190      351      300      1320     60       
312      905      270      352      300      1320     60       
340      885      315      353      240      300      60       
304      891      240      354      300      540      60       
325      887      265      355      720      1080     60       
304      891      290      356      300      1320     60       
342      887      290      357      240      300      60       
305      897      600      358      720      1080     60       
342      887      270      359      300      1320     60       
323      892      185      360      720      1080     60       
323      902      320      361      720      1080     60       
304      891      225      362      720      1080     60       
354      846      250      363      720      1080     60       
351      849      210      364      300      1320     60       
354      862      415      365      300      1320     60       
356      870      262      366      300      1320     60       
351      849      135      367      720      1080     60       
355      865      350      368      300      1320     60       
354      846      260      369      300      1320     60       
355      850      235      370      720      1080     60       
350      852      205      371      300      1320     60       
350      852      195      372      240      300      60       
356      845      190      373      300      1320     60       
351      849      190      374      240      300      60       
350      852      150      375      300      1320     60       
353      852      250      376      720      1080     60       
351      849      300      377      240      300      60       
352      866      330      378      300      1320     60       
352      870      261      379      300      1320     60       
350      857      273      380      300      1320     60       
353      845      280      381      300      1320     60       
358      843      205      382      300      540      60       
350      852      160      383      300      1320     60       
357      889      245      384      300      1320     60       
355      868      370      385      300      1320     60       
355      844      375      386      300      1320     60       
350      853      310      387      720      1080     60       
357      884      315      388      300      1320     60       
352      858      265      389      300      1320     60       
352      882      250      390      300      1320     60       
356      870      430      391      240      300      60       
356      893      305      392      300      1320     60       
351      900      215      393      720      1080     60       
352      900      235      394      300      1320     60       
351      900      150      395      240      300      60       
351      900      245      396      300      1320     60       
351      899      245      397      300      540      60       
360      894      265      398      720      1080     60       
357      843      200      399      300      1320     60       
354      854      205      400      300      1320     60       
350      852      140      401      300      1320     60       
352      861      375      402      300      1320     60       
351      900      138      403      300      1320     60       
350      897      235      404      300      540      60       
359      888      205      405      300      1320     60       
351      851      200      406      300      1320     60       
356      852      185      407      240      300      60       
353      890      220      408      300      1320     60       
351      900      250      409      300      540      60       
351      853      160      410      720      1080     60       
354      846      250      411      300      1320     60       
354      846      280      412      300      1320     60       
351      900      1000     413      960      1080     60       
350      852      250      414      720      1080     60       
342      868      67       415      300      1320     60       
346      870      119      416      240      300      60       
346      870      125      417      300      1320     60       
330      850      0        1                                   
